0.000010 0.999980 0.000010
0.000010 0.000010 0.999980
0.000010 0.000010 0.999980
0.446420 0.553570 0.000010
0.722549 0.000010 0.277441
0.000010 0.000010 0.999980
0.000010 0.000010 0.999980
0.000010 0.999980 0.000010
0.000010 0.000010 0.999980
0.290067 0.709923 0.000010
0.000010 0.000010 0.999980
0.000010 0.000010 0.999980
0.000010 0.999980 0.000010
0.477372 0.000010 0.522618
0.000010 0.999980 0.000010
0.583411 0.000010 0.416579
0.000010 0.999980 0.000010
0.349360 0.650630 0.000010
0.478135 0.281458 0.240406
0.000010 0.000010 0.999980
0.999980 0.000010 0.000010
0.000010 0.999980 0.000010
0.999980 0.000010 0.000010
0.000010 0.999980 0.000010
0.999980 0.000010 0.000010
0.000010 0.000010 0.999980
0.000010 0.280961 0.719029
0.999980 0.000010 0.000010
0.340479 0.301608 0.357913
0.352833 0.000010 0.647157
0.319971 0.338690 0.341339
0.000010 0.999980 0.000010
0.000010 0.000010 0.999980
0.000010 0.000010 0.999980
0.506156 0.493834 0.000010
0.000010 0.999980 0.000010
0.336052 0.000010 0.663938
0.000010 0.999980 0.000010
0.000010 0.000010 0.999980
0.427611 0.000010 0.572379
0.999980 0.000010 0.000010
0.000010 0.000010 0.999980
0.999980 0.000010 0.000010
0.000010 0.999980 0.000010
0.999980 0.000010 0.000010
0.000010 0.999980 0.000010
0.000010 0.999980 0.000010
0.999980 0.000010 0.000010
0.000010 0.632952 0.367038
0.999980 0.000010 0.000010
0.000010 0.000010 0.999980
0.000010 0.000010 0.999980
0.000010 0.999980 0.000010
0.000010 0.999980 0.000010
0.000010 0.000010 0.999980
0.000010 0.999980 0.000010
0.000010 0.999980 0.000010
0.396119 0.322820 0.281061
0.000010 0.374645 0.625345
0.367937 0.273974 0.358090
0.999980 0.000010 0.000010
0.999980 0.000010 0.000010
0.000010 0.999980 0.000010
0.999980 0.000010 0.000010
0.999980 0.000010 0.000010
0.000010 0.000010 0.999980
0.000010 0.999980 0.000010
0.999980 0.000010 0.000010
0.000010 0.999980 0.000010
0.000010 0.000010 0.999980
0.420191 0.579799 0.000010
0.000010 0.355266 0.644724
0.999980 0.000010 0.000010
0.000010 0.999980 0.000010
0.999980 0.000010 0.000010
0.284583 0.715407 0.000010
0.000010 0.999980 0.000010
0.000010 0.999980 0.000010
0.000010 0.442787 0.557203
0.238559 0.362430 0.399011
0.999980 0.000010 0.000010
0.999980 0.000010 0.000010
0.000010 0.999980 0.000010
0.000010 0.000010 0.999980
0.000010 0.000010 0.999980
0.000010 0.000010 0.999980
0.999980 0.000010 0.000010
0.999980 0.000010 0.000010
0.999980 0.000010 0.000010
0.000010 0.000010 0.999980
0.258226 0.327364 0.414410
0.000010 0.403026 0.596964
0.000010 0.000010 0.999980
0.999980 0.000010 0.000010
0.999980 0.000010 0.000010
0.547527 0.000010 0.452463
0.000010 0.000010 0.999980
0.999980 0.000010 0.000010
0.000010 0.000010 0.999980
0.000010 0.999980 0.000010
0.999980 0.000010 0.000010
0.000010 0.000010 0.999980
0.000010 0.000010 0.999980
0.000010 0.999980 0.000010
0.264842 0.481456 0.253702
0.000010 0.999980 0.000010
0.000010 0.000010 0.999980
0.000010 0.999980 0.000010
0.338325 0.661665 0.000010
0.000010 0.591632 0.408358
0.000010 0.999980 0.000010
0.000010 0.000010 0.999980
0.000010 0.000010 0.999980
0.999980 0.000010 0.000010
0.327335 0.352447 0.320217
0.999980 0.000010 0.000010
0.999980 0.000010 0.000010
0.999980 0.000010 0.000010
0.000010 0.533294 0.466696
0.000010 0.000010 0.999980
0.000010 0.418131 0.581859
0.607774 0.392216 0.000010
0.459853 0.000010 0.540137
0.000010 0.999980 0.000010
0.000010 0.999980 0.000010
0.000010 0.000010 0.999980
0.237234 0.000010 0.762756
0.000010 0.000010 0.999980
0.999980 0.000010 0.000010
0.000010 0.000010 0.999980
0.000010 0.000010 0.999980
0.000010 0.000010 0.999980
0.999980 0.000010 0.000010
0.999980 0.000010 0.000010
0.000010 0.586220 0.413770
0.000010 0.000010 0.999980
0.000010 0.000010 0.999980
0.646344 0.353646 0.000010
0.000010 0.000010 0.999980
0.000010 0.000010 0.999980
0.000010 0.607394 0.392596
0.385101 0.614889 0.000010
0.000010 0.475229 0.524761
0.999980 0.000010 0.000010
0.000010 0.000010 0.999980
0.999980 0.000010 0.000010
0.999980 0.000010 0.000010
0.999980 0.000010 0.000010
0.000010 0.999980 0.000010
0.000010 0.999980 0.000010
0.000010 0.999980 0.000010
0.999980 0.000010 0.000010
0.000010 0.000010 0.999980
0.000010 0.999980 0.000010
0.999980 0.000010 0.000010
0.000010 0.999980 0.000010
0.000010 0.999980 0.000010
0.653295 0.346695 0.000010
0.999980 0.000010 0.000010
0.999980 0.000010 0.000010
0.000010 0.999980 0.000010
0.000010 0.000010 0.999980
0.999980 0.000010 0.000010
0.000010 0.999980 0.000010
0.000010 0.999980 0.000010
0.000010 0.999980 0.000010
0.000010 0.999980 0.000010
0.999980 0.000010 0.000010
0.000010 0.000010 0.999980
0.999980 0.000010 0.000010
0.999980 0.000010 0.000010
0.000010 0.594485 0.405505
0.999980 0.000010 0.000010
0.000010 0.000010 0.999980
0.999980 0.000010 0.000010
0.000010 0.000010 0.999980
0.000010 0.329058 0.670932
0.563907 0.436083 0.000010
0.999980 0.000010 0.000010
0.295306 0.533504 0.171190
0.999980 0.000010 0.000010
0.611247 0.388743 0.000010
0.000010 0.439950 0.560040
0.999980 0.000010 0.000010
0.601518 0.398472 0.000010
0.999980 0.000010 0.000010
0.999980 0.000010 0.000010
0.465224 0.000010 0.534766
0.999980 0.000010 0.000010
0.367326 0.632664 0.000010
0.000010 0.999980 0.000010
0.000010 0.999980 0.000010
0.529149 0.000010 0.470841
0.000010 0.000010 0.999980
0.000010 0.999980 0.000010
0.999980 0.000010 0.000010
0.000010 0.000010 0.999980
0.000010 0.999980 0.000010
0.999980 0.000010 0.000010
0.000010 0.000010 0.999980
0.000010 0.999980 0.000010
0.000010 0.000010 0.999980
0.000010 0.000010 0.999980
0.999980 0.000010 0.000010
0.392606 0.000010 0.607384
0.418631 0.000010 0.581359
0.000010 0.999980 0.000010
0.999980 0.000010 0.000010
0.999980 0.000010 0.000010
0.999980 0.000010 0.000010
0.000010 0.999980 0.000010
0.000010 0.000010 0.999980
0.000010 0.000010 0.999980
0.000010 0.000010 0.999980
0.000010 0.999980 0.000010
0.000010 0.000010 0.999980
0.000010 0.999980 0.000010
0.588031 0.411959 0.000010
0.467872 0.000010 0.532118
0.000010 0.999980 0.000010
0.000010 0.000010 0.999980
0.585315 0.414675 0.000010
0.000010 0.999980 0.000010
0.000010 0.545087 0.454903
